15425294	17196807
15425294	21731244
15425294	22052840
15425294	1665895410
15425294	2423985440
15425294	3219687296
15425294	2925128806
15425294	3023832267
15425294	3023306733
15425294	67150916
15425294	221185711
15425294	126146818
15425294	33575373
15425294	130582616
15425294	20057845
15425294	2670244548
15425294	1358338358
15425294	22843068
15425294	772621051
15425294	2918700604
15425294	31036735
15425294	182054833
15425294	342770193
15425294	244652832
15425294	23518723
15425294	573008688
15425294	15131310
15425294	2466344641
15425294	312703592
15425294	32545192
15425294	633457234
15425294	1002564138
15425294	18395177
15425294	16620441
15425294	263328857
15425294	242765626
15425294	140830740
15425294	308570619
15425294	21447363
15425294	145353566
15425294	186598799
15425294	282789898
15425294	169748256
15425294	34654972
15425294	16190278
15425294	54092452
15425294	22321602
15425294	23497233
15425294	517288033
15425294	83075662
15425294	20778387
15425294	357844782
15425294	44207541
15425294	25475942
15425294	385023078
15425294	118239496
15425294	23859156
15425294	26241294
15425294	358620144
15425294	477240001
15425294	402944742
15425294	30686649
15425294	45266183
15425294	278778939
15425294	393841140
15425294	90087068
15425294	366428706
15425294	378717520
15425294	388521369
15425294	36980342
15425294	22705734
15425294	395058239
15425294	369118807
15425294	21148293
15425294	241156746
15425294	19764603
15425294	53452955
15425294	34098536
15425294	183116590
15425294	34632758
15425294	73206956
15425294	14353392
15425294	37291805
15425294	285282053
15425294	72406810
15425294	134849087
15425294	28201743
15425294	39762092
15425294	17365270
15425294	20710809
15425294	167427102
15425294	45413261
15425294	41975140
15425294	30855079
15425294	74307395
15425294	46042404
15425294	78251544
15425294	28735868
15425294	34793170
15425294	31583155
15425294	277546050
15425294	27588709
15425294	18939092
15425294	74040190
15425294	17444573
15425294	88289104
15425294	27434245
15425294	25639136
15425294	155174605
15425294	25937606
15425294	24964618
15425294	12701412
15425294	192019265
15425294	22633584
15425294	111442477
15425294	250166431
15425294	55383403
15425294	138737385
15425294	27289673
15425294	197279836
15425294	284852548
15425294	129689609
15425294	20639369
15425294	19329393
15425294	42705545
15425294	83206131
15425294	111385947
15425294	43072503
15425294	271700790
15425294	159005896
15425294	236522594
15425294	42332149
15425294	262372057
15425294	154251652
15425294	266577676
15425294	266333105
15425294	129575180
15425294	43803786
15425294	265031029
15425294	40332880
15425294	70456787
15425294	22406410
15425294	21915666
15425294	103130238
15425294	57371662
15425294	17219499
15425294	262790932
15425294	20661539
15425294	113233291
15425294	15169907
15425294	30115695
15425294	244243477
15425294	93935921
15425294	243441741
15425294	108797271
15425294	209897738
15425294	30317085
15425294	36008570
15425294	34710838
15425294	43727244
15425294	87016990
15425294	230600005
15425294	240274699
15425294	28716779
15425294	65773523
15425294	47010589
15425294	92685993
15425294	110840720
15425294	29280295
15425294	110775637
15425294	21030857
15425294	43627602
15425294	15637594
15425294	30778767
15425294	100899867
15425294	27805233
15425294	25426946
15425294	234158343
15425294	182495879
15425294	144253808
15425294	216206246
15425294	230498407
15425294	234226013
15425294	35787166
15425294	26090319
15425294	27482841
15425294	110545462
15425294	48100887
15425294	22668573
15425294	16448128
15425294	39881177
15425294	234208120
15425294	66561957
15425294	46973152
15425294	48768424
15425294	20566127
15425294	21944466
15425294	95305632
15425294	195802652
15425294	53135663
15425294	21556071
15425294	28638191
15425294	52583646
15425294	127367902
15425294	41485203
15425294	34667883
15425294	66489456
15425294	88929569
15425294	43324891
15425294	92388806
15425294	185763155
15425294	128915919
15425294	53478175
15425294	182827613
15425294	14230524
15425294	9629222
15425294	38709939
15425294	118238044
15425294	45597464
15425294	89521931
15425294	36319335
15425294	24621113
15425294	17013130
15425294	77055718
15425294	34013101
15425294	14523801
15425294	32796936
15425294	28832142
15425294	43776773
15425294	15860531
15425294	19099217
15425294	20777047
15425294	18464204
15425294	16825289
15425294	15379834
166157532	129789846
166157532	1541887015
166157532	1353020900
166157532	33933259
166157532	856587308
166157532	23561980
166157532	4071934995
166157532	525394251
166157532	159225370
166157532	2563656001
166157532	77234984
166157532	17338221
166157532	29286670
166157532	260928758
166157532	17463923
166157532	38146999
166157532	47331384
166157532	15529670
166157532	80802900
166157532	16596200
166157532	3307929149
166157532	557746406
166157532	3046404695
166157532	61183568
166157532	117777690
166157532	2319121626
166157532	18222378
166157532	2436459208
166157532	3420845681
166157532	65045121
166157532	739784130
166157532	2493199232
166157532	300595743
166157532	226310276
166157532	2680539209
166157532	898640923
166157532	1536791610
166157532	14831512
166157532	33300246
166157532	403418918
166157532	3074782839
166157532	469824704
166157532	2852135380
166157532	3077106569
166157532	14055301
166157532	69231187
166157532	2908403163
166157532	166739404
166157532	2987970473
166157532	947874433
166157532	191985864
166157532	2966026630
166157532	210547271
166157532	14700316
166157532	2641474600
166157532	364488011
166157532	72663616
166157532	255388236
166157532	1346180581
166157532	2829210911
166157532	2382424706
166157532	122392884
166157532	20582958
166157532	21247989
166157532	5695632
166157532	2585396407
166157532	17919972
166157532	2712259023
166157532	224721943
166157532	1471068170
166157532	418380713
166157532	1673820865
166157532	106808956
166157532	2656744153
166157532	1107613844
166157532	2506947680
166157532	1610646036
166157532	103012173
166157532	18584875
166157532	2255036665
166157532	621533
166157532	2517731852
166157532	146509611
166157532	233498480
166157532	2541999628
166157532	28978705
166157532	740336334
166157532	19562228
166157532	47632575
166157532	1058693220
166157532	263257931
166157532	462292829
166157532	188399650
166157532	470099591
166157532	461922813
166157532	27457788
166157532	1083025561
166157532	176566242
166157532	2349444981
166157532	1023096199
166157532	2230173613
166157532	608992087
166157532	816013302
166157532	20596281
166157532	471877369
166157532	2330330082
166157532	16153562
166157532	244119586
166157532	1030704991
166157532	194334821
166157532	277955712
166157532	428333
166157532	122994639
166157532	25984418
166157532	742143
166157532	195665300
166157532	1550346566
166157532	3459051
166157532	142730813
166157532	281925443
166157532	581305243
166157532	21303235
166157532	80804868
166157532	236579188
166157532	291963863
166157532	23298808
166157532	113279837
166157532	2226467971
166157532	29826343
166157532	1390593091
166157532	948544681
166157532	274119641
166157532	277123742
166157532	615569183
166157532	58024696
166157532	323836337
166157532	39542268
166157532	1557315432
166157532	87028400
166157532	1934413398
166157532	43902999
166157532	36334026
166157532	26792275
166157532	726734580
166157532	1197521612
166157532	753427272
166157532	477627070
166157532	487563142
166157532	533085085
166157532	435225922
166157532	117118476
166157532	563883729
166157532	1665874394
166157532	263099844
166157532	466794570
166157532	139042612
166157532	34747692
166157532	1235928685
166157532	14159148
166157532	38001497
166157532	153694176
166157532	299312825
166157532	17336372
166157532	287834630
166157532	1432977446
166157532	443013922
166157532	103058047
166157532	1398263618
166157532	400186164
166157532	155659213
166157532	17711046
166157532	713993413
166157532	27733440
166157532	1225696320
166157532	172853096
166157532	96611424
166157532	628563091
166157532	432893069
166157532	745002644
166157532	581805021
166157532	223621846
166157532	266135518
166157532	304936056
166157532	75866464
166157532	1030765622
166157532	555928038
166157532	227687208
166157532	486092466
166157532	1172478120
166157532	328639208
166157532	123289472
166157532	835460455
166157532	151229304
166157532	19596687
166157532	620034505
166157532	1052631168
166157532	1079873430
166157532	1073336054
166157532	928407248
166157532	106495958
166157532	756937592
166157532	1046208361
166157532	34507480
166157532	401797162
166157532	5988062
166157532	1016389262
166157532	454873450
166157532	457589192
166157532	402727516
166157532	500704345
166157532	294241401
166157532	35260194
166157532	955229336
166157532	85452649
166157532	870015391
166157532	894277580
166157532	919408968
166157532	911016876
166157532	542743935
166157532	159535276
166157532	387880725
166157532	888392100
166157532	488311199
166157532	882270848
166157532	103065157
166157532	877987472
166157532	485983762
166157532	331529871
166157532	294245012
166157532	26089264
166157532	593746879
166157532	317952593
166157532	14700117
166157532	79173926
166157532	769452595
166157532	619934393
166157532	620007597
166157532	546995952
166157532	794306472
166157532	368862858
166157532	14291684
166157532	778930176
166157532	14224719
166157532	25063211
166157532	81089247
166157532	240389297
166157532	352384542
166157532	731082932
166157532	703975009
166157532	84939336
166157532	266491305
166157532	623014045
166157532	413338630
166157532	615909284
166157532	603760169
166157532	96395345
166157532	93635651
166157532	287793368
166157532	242429950
166157532	365952417
166157532	425349125
166157532	557570488
166157532	30686649
166157532	497027619
166157532	55835778
166157532	436702610
166157532	239106323
166157532	322908043
166157532	21777530
166157532	471287735
166157532	498237057
166157532	475671755
166157532	220011213
166157532	490963837
166157532	139707274
166157532	265902729
166157532	414821336
166157532	14157134
166157532	621523
166157532	484772165
166157532	175909399
166157532	379054422
166157532	37390186
166157532	470563113
166157532	310213767
166157532	375759380
166157532	451561019
166157532	167462472
166157532	157140968
166157532	236699098
166157532	413973896
166157532	40204593
166157532	62225055
166157532	352488187
166157532	95081297
166157532	423334821
166157532	192146542
166157532	416616811
166157532	113732902
166157532	61781260
166157532	102324067
166157532	419511421
166157532	326326049
166157532	415741995
166157532	278493964
166157532	410249766
166157532	411693301
166157532	410811457
166157532	410317339
166157532	73934764
166157532	402927985
166157532	207199473
166157532	393028587
166157532	250831586
166157532	307955300
166157532	166767883
166157532	243287822
166157532	52129172
166157532	25093616
166157532	313999363
166157532	307945252
166157532	310453935
166157532	306486590
166157532	241900029
166157532	19664231
166157532	298613808
166157532	108568373
166157532	106182256
166157532	289448578
166157532	243175199
166157532	21225702
166157532	285332860
166157532	216264820
166157532	95515846
166157532	8161232
166157532	160926944
166157532	813286
166157532	216299334
166157532	19028953
166157532	87818409
166157532	27195114
166157532	185827887
166157532	14689295
166157532	155927976
166157532	213036930
166157532	124239101
166157532	21093744
166157532	221850321
166157532	27260086
166157532	226965464
166157532	83927116
166157532	32426213
166157532	16542877
166157532	23699191
166157532	19405774
166157532	5402612
166157532	17140207
166157532	18625669
166157532	40714100
166157532	34613288
166157532	140070953
166157532	14230524
