608529924769484800
608540821558693889
608553404504416256
608585440573034496
608621872318672897
608630529345335296
608648917186519040
608659428120887296
608666558433378304
608674817013735424
608709608773926912
608827711977447424
608874944022368256
608985703016468480
609107392341680128
609134147831885824
609170793440784386
609196311594827776
609242411206885376
609353170188374016
609382471583580161
609397776594681856
609423898740830208
609446346643214336
609463438427820032
609484581914476544
609498234382348288
609521953171447810
609640610010660864
609648948303798272
609678773995327489
609720289220558849
609739700442669056
609787746228531200
609812542937034752
609839931754684416
609969825159454720
609988787574149122
610031447844495360
610047361042239489
610071499244969984
610084816168558593
610085663413813249
610086779094495232
610090654660730881
610092617569816576
610093850711994370
610121117886353408
610208296478343168
610283420678254592
